기간	구분	총지수	식료품 및 비주류음료	식료품 및 비주류음료	식료품 및 비주류음료	주류ㆍ담배	주류ㆍ담배	주류ㆍ담배	의복ㆍ신발	의복ㆍ신발	의복ㆍ신발	주택ㆍ수도ㆍ전기 및 연료	주택ㆍ수도ㆍ전기 및 연료	주택ㆍ수도ㆍ전기 및 연료	주택ㆍ수도ㆍ전기 및 연료	주택ㆍ수도ㆍ전기 및 연료	가정용품 및 가사서비스	가정용품 및 가사서비스	가정용품 및 가사서비스	가정용품 및 가사서비스	가정용품 및 가사서비스	가정용품 및 가사서비스	가정용품 및 가사서비스	보건	보건	보건	보건	교통	교통	교통	교통	통신	통신	통신	통신	오락 및 문화	오락 및 문화	오락 및 문화	오락 및 문화	오락 및 문화	오락 및 문화	오락 및 문화	교육	교육	교육	교육	교육	음식 및 숙박	음식 및 숙박	음식 및 숙박	기타 상품 및 서비스	기타 상품 및 서비스	기타 상품 및 서비스	기타 상품 및 서비스
기간	구분	총지수	계	식료품	비주류음료	계	주류	담배	계	의류	신발	계	주택임차료	주거시설 유지·보수	수도 및 주거관련 서비스	전기가스 및 기타연료	계	가구ㆍ가사비품 및 카페트	가정용 섬유제품	가정용 기기	주방용품 및 가정용품	가정ㆍ정원용 공구 및 장비	일상 생활용품 및 가사서비스	계	의료용품 및 장비	외래환자 서비스	병원서비스	계	운송장비	개인운송장비 운영	운송서비스	계	우편서비스	전화 및 팩스장비	전화 및 팩스서비스	계	음향ㆍ영상ㆍ사진 및 정보처리 장비	기타 오락 및 문화용 주요내구재	기타 오락용품ㆍ조경용품 및 애완동물	오락 및 문화서비스	신문ㆍ서적 및 문방구	단체여행	계	유치원 및 초등교육	중등교육	고등교육	기타교육	계	음식서비스	숙박서비스	계	미용용품 및 미용서비스	기타 개인용품	기타 서비스
2010.01	구분	88.974	84.112	84.2	83.399	65.478	96.209	54.609	84.817	84.07	89.309	84.184	83.277	84.513	81.104	89.228	87.712	90.14	91.069	91.811	81.034	91.592	85.24	94.921	95.66	95.681	91.278	95.546	99.498	104.976	84.32	105.084	84.374	120.871	104.778	96.198	140.968	94	95.247	91.822	84.011	88.244	91.088	116.08	113.148	101.221	84.429	87.913	87.954	82.829	93.45	86.054	75.587	126.184
2010.02	구분	89.154	84.635	84.723	83.399	65.478	96.209	54.609	84.732	83.901	89.22	84.524	83.446	84.513	83.279	89.228	88.069	90.14	91.069	92.086	82.765	91.501	85.508	95.016	95.756	95.777	91.37	95.159	99.3	104.547	84.066	105.084	84.374	120.871	104.778	96.296	138.648	94	95.717	91.915	84.011	89.276	91.088	116.08	113.148	101.221	84.429	88.543	88.765	81.236	93.544	85.967	76.658	126.184
2010.03	구분	89.515	85.244	85.421	83.483	65.412	95.824	54.609	84.732	83.986	88.955	84.524	83.699	84.26	81.426	89.318	89.588	89.596	91.069	91.903	82.847	90.863	89.961	95.016	95.756	95.777	91.462	95.932	99.201	106.479	84.066	104.457	84.374	120.871	104.153	96.198	138.648	94	92.896	92.471	85.385	88.15	92.38	123.481	113.148	102.242	85.368	88.993	89.125	81.571	93.262	85.967	74.822	126.058
2010.04	구분	89.875	86.724	86.905	84.077	65.478	96.112	54.609	84.732	83.986	89.043	84.524	83.868	84.429	80.862	89.318	89.052	89.596	91.069	91.903	80.209	90.863	89.338	95.111	95.852	95.777	91.462	96.608	99.3	107.659	84.32	104.457	84.374	120.871	104.153	96.588	138.102	94	94.589	92.657	85.385	89.276	92.472	124.961	113.148	102.242	85.453	89.623	89.756	82.745	93.074	85.88	74.822	125.68
2010.05	구분	89.875	85.854	85.945	84.839	65.478	96.112	54.609	84.817	84.155	88.867	84.78	84.121	84.344	80.862	89.318	89.32	90.412	91.069	91.72	82.435	90.863	89.338	95.016	95.66	95.777	91.462	96.801	99.3	107.874	84.32	104.457	84.374	120.871	104.153	96.978	136.328	94	94.119	92.749	85.47	91.999	92.472	124.961	113.148	102.242	85.453	89.983	90.116	82.745	93.544	85.88	77.194	125.68
2010.06	구분	89.695	84.635	84.636	84.585	65.478	96.305	54.609	85.328	84.662	89.043	84.78	84.374	84.344	79.654	89.318	89.32	90.412	91.069	91.628	82.6	90.863	89.338	95.111	95.852	95.873	91.553	96.512	99.3	107.337	84.236	104.457	84.374	120.871	104.153	96.588	135.509	94.094	92.896	92.842	85.47	91.248	92.472	124.961	113.148	102.242	85.453	90.073	90.207	83.499	93.732	86.141	77.194	125.806
2010.07	구분	89.965	84.983	84.985	85.263	65.412	95.92	54.609	85.413	84.662	89.662	84.865	84.543	84.429	79.413	89.318	89.052	90.412	91.069	90.621	82.847	91.136	89.248	95.111	95.66	95.873	92.012	97.188	99.3	108.196	85.167	104.457	84.374	120.871	104.153	98.537	135.236	94.094	93.555	92.842	86.157	99.321	92.565	124.961	113.148	102.242	85.539	90.163	90.297	85.511	94.202	87.008	77.194	125.554
2010.08	구분	90.416	87.16	87.254	85.263	65.478	96.305	54.609	85.413	84.662	89.662	85.12	84.627	84.429	80.057	89.859	89.677	91.317	93.277	91.079	83.095	91.227	89.605	95.302	96.043	95.969	92.012	97.285	99.399	107.981	85.675	104.457	84.374	120.871	104.153	98.83	135.1	93.624	93.461	92.842	86.328	100.729	92.565	124.961	113.148	102.242	85.539	90.253	90.387	84.757	94.202	87.095	76.888	125.554
2010.09	구분	91.227	92.036	92.489	85.433	65.543	96.401	54.609	85.498	84.662	90.281	85.715	84.711	84.429	79.735	92.56	89.856	91.317	93.277	91.079	83.012	91.319	90.139	95.397	96.139	95.969	92.012	96.415	99.3	106.586	84.998	104.457	84.374	120.871	104.153	98.927	135.236	94	93.931	92.842	87.187	99.79	92.657	124.961	113.148	102.344	85.624	90.703	90.837	83.499	94.86	87.876	76.888	126.563
2010.10	구분	91.227	91.6	92.053	85.348	65.543	96.593	54.609	85.328	84.662	88.778	85.885	84.965	84.429	80.057	92.56	89.856	91.317	93.277	92.177	81.858	91.319	89.605	95.111	95.278	95.969	92.104	96.705	98.804	107.445	84.998	104.457	84.374	120.871	104.153	98.245	135.373	94	94.119	93.028	87.187	96.411	92.657	124.961	113.148	102.344	85.624	91.152	91.198	86.014	94.484	87.789	75.052	126.437
2010.11	구분	90.777	88.988	89.261	85.602	65.543	96.593	54.609	84.732	85.677	78.521	85.63	85.218	84.513	80.057	90.309	90.123	91.317	93.277	91.537	81.528	91.136	90.852	95.016	95.086	95.969	92.104	96.801	98.705	107.981	84.744	104.457	84.374	120.871	104.153	98.245	134.963	94	93.649	93.491	86.586	96.411	92.657	124.961	113.148	102.344	85.709	91.242	91.378	87.607	94.954	87.789	77.576	126.563
2010.12	구분	91.047	88.814	88.999	86.196	65.412	95.92	54.609	86.35	85.762	89.928	85.885	85.555	84.513	79.976	90.309	90.123	91.317	93.277	90.804	84.826	91.136	90.585	95.111	95.278	95.969	92.104	98.347	98.903	111.094	85.167	103.83	84.374	120.871	103.424	97.952	133.462	94	94.307	93.491	86.758	95.754	92.749	124.961	113.148	102.344	85.795	91.242	91.378	84.17	94.954	87.789	78.341	126.31
2011.01	구분	92.039	92.123	92.489	86.619	65.412	96.016	54.609	86.435	85.847	89.751	86.65	85.893	84.513	81.426	92.56	90.838	93.31	93.277	90.896	84.166	91.136	91.832	95.967	95.66	97.215	92.929	99.796	99.796	113.885	85.506	103.83	84.374	120.871	103.424	98.927	133.189	93.812	94.965	95.068	86.758	97.631	93.118	124.961	113.148	102.344	86.307	91.602	91.739	85.344	95.706	88.656	79.03	126.437
2011.02	구분	92.58	93.516	93.972	86.704	65.347	95.728	54.609	86.52	85.931	89.751	86.99	86.061	84.851	83.44	92.56	91.374	93.31	98.98	91.445	86.392	90.134	91.297	96.443	96.617	97.407	93.021	100.183	99.597	115.066	85.167	103.83	84.374	120.871	103.424	98.927	132.371	93.624	96.469	95.161	87.358	96.599	93.211	124.961	113.148	102.344	86.563	92.952	93.09	85.008	95.988	88.743	80.254	126.563
2011.03	구분	92.94	93.429	93.885	87.213	65.412	95.824	54.609	86.605	86.016	89.751	87.331	86.652	85.357	82.634	92.56	91.821	93.854	98.98	91.903	87.629	90.225	91.564	96.253	96.234	97.407	93.113	101.825	99.597	118.823	85.252	103.726	84.374	119.179	103.424	99.512	130.733	93.248	95.059	95.717	88.817	98.57	94.134	126.318	99.004	104.285	88.185	92.952	93.09	88.194	96.834	89.35	80.331	128.58
2011.04	구분	93.03	92.819	93.187	87.382	65.347	95.631	54.609	86.691	86.185	89.574	87.756	87.158	87.13	82.554	92.65	91.553	93.945	99.072	91.811	86.145	90.772	91.297	96.348	96.425	97.503	93.113	102.018	99.697	119.037	85.421	103.726	84.374	119.179	103.424	99.317	128.277	93.342	96.281	95.717	88.903	98.382	94.134	126.318	99.004	104.285	88.27	93.492	93.541	88.445	96.364	89.177	78.341	128.58
2011.05	구분	93.211	91.687	91.791	90.179	66.198	95.631	55.647	87.712	87.2	90.547	88.351	87.58	88.566	81.104	94.991	92.089	93.945	99.072	91.903	89.03	91.045	91.742	96.253	96.712	97.215	92.838	101.922	100.193	118.393	85.76	103.726	84.374	116.762	103.424	99.999	128.277	93.06	96.187	95.81	88.903	101.48	94.134	126.318	99.004	104.285	88.27	93.852	93.991	88.445	96.928	89.35	81.172	128.58
2011.06	구분	93.391	92.21	92.314	91.281	66.133	95.343	55.647	87.883	87.369	90.547	88.606	87.918	90.17	80.54	94.991	92.535	95.122	99.256	91.72	88.865	91.592	92.633	96.728	97.86	97.215	92.929	101.728	99.895	117.749	85.929	103.726	84.374	116.762	103.424	99.609	128.14	93.06	95.999	95.717	88.989	99.884	94.318	126.318	99.004	104.285	88.441	94.302	94.442	88.11	96.928	89.437	80.943	128.58
2011.07	구분	93.842	94.213	94.408	91.874	65.936	94.669	55.647	88.309	87.369	93.465	88.691	88.171	90.423	80.299	94.991	92.446	96.391	99.256	91.445	89.607	94.235	91.653	96.823	97.669	97.407	93.48	102.598	99.895	119.467	86.522	103.726	84.374	116.762	103.424	100.097	124.592	93.06	96.751	95.81	89.418	103.264	94.226	126.318	99.004	104.183	88.441	94.572	94.622	92.134	96.74	89.35	79.948	128.706
2011.08	구분	94.473	96.738	97.113	91.874	66.133	95.343	55.647	88.394	87.454	93.465	89.201	88.593	90.254	80.782	95.801	92.446	96.391	99.256	91.354	89.36	94.235	91.653	97.014	97.765	97.694	93.48	103.178	99.895	120.54	86.691	103.726	84.374	116.762	103.424	99.902	123.773	92.872	96.093	95.81	89.504	103.076	94.318	126.318	99.004	104.183	88.527	94.932	94.983	92.134	96.928	89.35	80.79	128.706
2011.09	구분	94.382	96.215	96.59	91.705	66.133	95.535	55.647	88.394	87.538	93.376	89.456	89.015	90.339	80.218	95.981	92.803	97.297	99.164	91.537	90.679	94.326	92.01	97.204	97.86	97.886	93.663	103.178	99.895	120.862	86.183	101.845	84.374	116.762	101.549	99.414	122.954	92.684	97.316	95.903	89.504	100.354	94.318	126.318	99.004	104.08	88.527	95.112	95.253	90.541	96.928	89.784	79.412	128.832
2011.10	구분	94.292	94.474	94.67	92.298	66.133	95.439	55.647	87.883	87.454	89.839	90.222	89.352	90.339	80.218	98.682	92.356	97.297	99.256	92.086	87.052	94.508	91.208	97.109	97.765	97.79	93.663	103.661	100.292	122.043	86.014	101.428	90.449	116.762	101.133	99.317	121.18	92.684	97.316	96.088	89.504	100.541	94.41	126.318	99.004	104.08	88.783	95.292	95.343	90.458	96.928	90.044	78.494	128.832
2011.11	구분	94.292	93.864	93.972	93.061	66.133	95.439	55.647	90.182	89.653	93.288	90.562	89.774	90.507	80.218	98.682	92.535	97.297	99.256	90.53	89.442	95.237	92.01	97.109	96.808	98.365	94.214	103.178	99.895	121.399	85.675	100.487	90.449	112.773	100.195	99.219	121.317	92.59	96.845	96.181	89.504	100.166	94.41	126.318	99.004	104.08	88.783	94.392	94.532	90.541	97.116	90.131	79.412	128.706
2011.12	구분	94.563	95.083	95.281	93.23	66.067	95.15	55.647	90.182	89.653	93.288	90.902	90.027	90.507	81.668	98.863	93.607	97.297	99.256	92.086	90.844	94.873	93.524	97.109	96.617	98.461	94.214	102.888	99.895	120.325	86.183	100.174	90.449	112.773	99.883	99.317	121.18	92.778	97.222	96.181	90.018	99.884	94.687	126.318	99.004	104.08	89.124	94.482	94.622	91.967	97.774	90.825	80.943	128.58
2012.01	구분	95.086	97.13	97.393	93.629	66.12	95.025	55.756	90.174	89.746	92.713	91.217	90.28	90.735	83.206	98.863	94.491	97.17	99.312	91.839	89.211	94.955	95.875	98.298	97.88	99.372	95.957	103.371	100.322	121.109	86.488	100.174	90.449	112.773	99.883	99.59	120.007	94.047	97.823	97.322	90.173	99.049	94.66	126.343	99.038	104.152	89.286	94.635	94.622	95.328	96.759	90.782	80.598	126.109
2012.02	구분	95.482	96.903	97.131	93.756	66.571	94.9	56.4	90.957	89.856	97.355	92.016	90.55	90.693	89.448	98.872	96.724	97.233	99.312	92.351	91.132	95.757	102.11	98.545	98.664	99.286	96.012	104.144	100.193	122.955	86.564	100.174	90.449	112.773	99.883	99.025	117.81	95.306	98.105	97.173	91.125	97.124	94.863	126.343	99.038	104.152	89.585	94.743	94.785	92.587	97.267	90.808	83.811	126.109
2012.03	구분	95.608	97.739	98.03	93.832	66.512	94.698	56.4	91.008	89.906	97.355	92.297	90.955	91.301	89.198	98.881	96.796	97.315	101.464	92.269	92.121	95.565	101.54	98.697	99.094	99.295	96.012	107.882	99.806	125.198	93.853	100.174	90.449	112.773	99.883	98.771	116.964	98.521	97.974	96.459	91.589	97.087	93.977	114.969	99.219	100.792	90.038	94.383	94.424	92.252	92.509	90.634	84.439	103.91
2012.04	구분	95.644	97.791	98.099	93.603	66.604	95.035	56.4	90.472	89.889	93.818	92.441	91.377	91.554	87.732	98.899	96.144	97.269	101.262	92.159	90.712	95.556	99.964	97.461	95.899	98.941	96.287	108.394	99.518	126.315	94.124	100.174	90.449	112.773	99.883	99.541	116.431	98.925	96.958	96.339	91.726	101.405	94.097	114.969	99.219	100.792	90.225	94.563	94.577	93.308	92.951	91.953	83.008	103.065
2012.05	구분	95.744	96.973	97.209	93.688	66.336	94.044	56.4	92.021	91.099	97.355	92.526	91.63	91.715	86.855	98.917	96.671	97.442	101.455	92.855	93.44	95.392	100.071	97.765	96.626	99.046	96.314	108.25	99.905	125.66	94.234	100.174	90.449	112.773	99.883	99.804	115.681	99.48	97.25	96.45	91.863	102.644	94.254	114.969	99.219	100.792	90.439	94.689	94.703	93.694	93.356	92.707	82.488	103.116
2012.06	구분	95.644	96.555	96.782	93.51	66.617	95.083	56.4	92.422	91.623	96.993	92.671	91.799	91.791	86.661	99.169	96.939	97.442	101.455	93.056	93.869	95.392	100.649	97.831	96.76	99.075	96.342	107.197	99.964	123.127	94.2	100.174	90.449	112.773	99.883	98.859	109.977	99.038	97.353	96.598	91.812	101.743	94.337	114.969	99.219	100.792	90.55	94.734	94.757	93.249	93.252	92.681	81.899	103.116
2012.07	구분	95.59	95.632	95.805	93.273	66.453	94.486	56.4	92.413	91.623	96.993	93.274	91.909	91.85	87.016	101.753	96.644	99.072	101.455	93.102	91.462	95.839	99.305	97.299	96.253	98.452	96.003	105.873	100.153	119.574	94.429	100.174	90.449	112.773	99.883	100.701	108.735	98.624	97.034	96.951	91.966	110.295	94.641	114.969	99.219	100.792	91.002	94.932	94.893	97.516	91.908	92.256	74.952	103.116
2012.08	구분	96.158	97.199	97.506	93.154	66.886	96.103	56.4	92.447	91.708	96.763	93.683	92.052	91.968	88.344	102.635	96.84	99.072	101.455	91.537	93.91	95.839	100.854	97.28	96.11	98.509	96.048	106.897	100.341	121.967	94.463	100.174	90.449	112.773	99.883	100.184	108.735	97.694	96.563	96.793	91.941	108.53	95.998	114.969	99.219	100.792	92.983	95.094	95.01	100.199	92.679	92.959	77.018	103.116
2012.09	구분	96.807	101.1	101.546	95.01	67.134	97.065	56.4	92.456	91.691	96.825	93.615	92.187	92.128	86.613	102.653	97.278	99.199	101.455	93.221	93.745	95.83	100.569	97.365	96.311	98.519	96.067	107.544	99.052	124.544	94.048	100.174	90.449	112.773	99.883	99.58	109.868	98.408	96.883	96.71	91.949	105.01	96.275	114.969	99.219	100.7	93.418	95.193	95.235	92.788	94.352	93.514	85.64	103.116
2012.10	구분	96.564	98.758	99.007	95.391	67.161	97.161	56.4	91.97	91.708	93.482	93.887	92.398	93.589	87.434	102.653	96.849	99.199	101.455	91.93	91.404	95.994	101.139	97.48	96.397	98.701	96.067	107.448	99.082	124.189	94.149	100.174	90.449	112.773	99.883	100.126	109.376	99.198	96.545	96.747	92.37	107.526	96.275	114.969	99.219	100.7	93.418	95.328	95.343	94.121	94.333	93.592	85.257	103.116
2012.11	구분	96.185	95.771	95.77	95.934	67.259	97.517	56.4	93.631	92.985	97.364	94.031	92.659	93.64	87.225	102.653	97.01	99.199	101.455	91.555	94.215	97.561	100.997	97.432	96.588	98.48	96.067	106.627	99.697	122.043	94.014	100.174	90.449	112.773	99.883	99.19	108.366	99.358	97.899	96.775	92.344	103.207	96.284	114.969	99.219	100.7	93.427	95.301	95.325	93.895	93.75	92.56	85.64	103.116
2012.12	구분	96.384	96.433	96.485	95.925	67.331	97.796	56.4	93.673	93.036	97.364	94.346	92.879	93.64	88.828	102.653	96.179	99.199	101.455	90.713	93.465	97.58	99.305	97.375	96.445	98.461	96.067	106.54	99.806	121.581	94.217	100.174	90.449	112.773	99.883	99.921	109.349	100.486	98.237	96.886	92.55	105.282	96.302	114.969	99.219	100.7	93.452	95.4	95.397	95.513	94.362	93.341	86.038	103.406
2013.01	구분	96.907	98.183	98.309	96.434	67.763	99.432	56.4	93.554	93.044	96.498	95.018	93.09	94.146	92.291	103.481	96.215	99.145	101.455	91.509	90.967	97.58	99.367	98.421	96.866	99.708	97.819	106.694	101.363	121.141	94.285	100.174	90.449	112.773	99.883	99.619	109.253	100.044	99.14	97.34	93.022	102.503	96.561	114.969	99.219	100.7	93.836	95.868	95.848	97.122	94.258	93.384	85.043	103.469
2013.02	구분	97.177	98.723	98.876	96.798	67.829	99.691	56.4	93.801	93.027	98.257	95.392	93.318	94.146	94.482	103.481	96.546	99.054	101.455	91.885	92.657	97.58	99.634	98.478	96.894	99.803	97.819	107.197	101.264	122.601	94.099	100.174	90.449	112.773	99.883	99.375	107.957	100.486	98.923	97.359	93.013	102.278	96.699	114.969	99.219	100.7	94.024	96.066	96.046	97.525	94.568	93.566	86.313	103.469
2013.03	구분	97.087	97.87	97.942	96.9	67.776	99.489	56.4	93.801	93.019	98.293	96.089	93.613	94.315	94.9	105.841	96.403	97.813	101.455	91.839	93.341	97.625	99.714	98.545	96.999	99.88	97.819	107.651	101.185	123.599	94.268	100.174	90.449	112.773	99.883	99.678	108.803	101.341	98.97	97.313	93.348	102.841	95.739	89.903	99.219	100.077	94.554	95.895	95.92	94.431	93.064	93.167	87.423	96.851
2013.04	구분	97.069	98.497	98.666	96.307	67.776	99.499	56.4	92.771	93.027	91.289	96.268	93.891	94.678	94.651	105.832	96.045	96.291	101.455	92.058	92.36	97.288	99.492	98.459	97.105	99.736	97.424	106.8	101.115	121.71	94.099	100.007	90.449	105.666	99.883	100.214	108.012	102.45	97.504	97.461	93.357	106.211	95.758	89.903	99.219	100.077	94.571	95.967	95.983	94.918	92.726	93.532	83.735	96.851
2013.05	구분	97.069	97.19	97.209	96.832	67.789	99.547	56.4	94.074	94	94.464	96.438	94.102	94.695	95.078	105.823	96.17	95.684	101.455	91.976	93.795	97.552	99.928	98.716	98.052	99.593	97.424	105.622	100.778	119.059	94.065	100.08	90.449	109.062	99.883	100.633	108.817	102.403	97.88	97.544	93.357	107.282	95.841	89.903	99.219	100.077	94.69	96.119	96.127	95.471	94.126	94.963	86.925	96.863
2013.06	구분	96.925	95.902	95.874	96.239	67.789	99.537	56.4	94.236	94.262	94.11	96.48	94.288	94.695	94.192	105.823	96.769	96.961	101.455	91.637	94.1	97.552	101.442	98.706	97.975	99.621	97.424	105.747	100.986	119.209	94.124	100.08	90.449	109.062	99.883	99.96	109.335	102.14	96.592	97.869	94.592	103.189	95.85	89.903	99.219	100.077	94.716	96.119	96.118	96.1	94.202	95.05	87.032	96.851
2013.07	구분	97.114	96.807	96.791	97.027	67.737	99.326	56.4	93.529	94.228	89.459	96.608	94.44	94.695	94.055	106.03	95.786	96.961	101.455	91.949	91.404	97.434	98.61	97.85	98.1	97.819	97.424	106.511	100.808	120.701	94.581	100.08	90.449	109.062	99.883	102.485	110.291	102.469	96.103	98.194	94.815	113.477	95.859	89.903	99.219	100.077	94.724	96.164	96.082	100.484	94.136	95.483	84.837	96.851
2013.08	구분	97.465	99.611	99.827	96.68	67.822	99.682	56.4	94.287	94.22	94.641	96.905	94.71	94.729	94.006	106.66	95.813	96.69	101.455	92.013	93.828	100.122	97.675	97.936	98.415	97.771	97.516	106.82	100.867	121.281	94.717	100.101	100	109.062	99.883	103.284	109.581	102.469	96.855	97.953	94.815	117.43	95.942	89.903	99.219	100.077	94.844	96.2	96.082	102.915	89.651	88.197	85.663	96.851
2013.09	구분	97.691	99.428	99.679	95.866	67.789	99.537	56.4	94.857	94.245	98.399	96.999	94.887	94.729	93.781	106.651	96.796	96.69	101.363	93.734	92.946	103.777	98.913	98.088	99.085	97.589	97.544	106.317	100.986	120.433	94.276	100.059	100	107.358	99.883	101.695	110.359	102.243	97.513	97.507	94.833	110.107	95.979	89.903	99.219	100.066	94.904	96.11	96.127	95.161	95.33	96.394	88.899	96.8
2013.10	구분	97.438	97.025	97.105	95.892	67.829	99.701	56.4	94.857	94.245	98.399	97.212	95.089	95.134	94.377	106.651	96.858	96.69	101.243	95.317	90.637	103.85	98.156	98.069	99.123	97.416	97.846	106.327	101.353	119.123	95.487	100.059	100	107.358	99.883	100.954	109.349	102.093	97.438	97.767	95.047	106.934	95.979	89.903	99.219	100.066	94.904	96.218	96.235	95.253	95.847	96.941	90.001	96.825
2013.11	구분	97.429	95.667	95.682	95.561	67.848	99.778	56.4	97.599	97.552	97.895	97.526	95.208	95.134	94.538	107.794	97.805	97.016	101.363	94.933	93.696	103.85	100.605	98.05	99.142	97.359	97.846	105.738	100.887	118.093	95.292	100.059	100	107.358	99.883	99.707	108.53	102.018	97.287	97.776	95.064	102.006	95.989	89.903	99.219	100.066	94.921	96.227	96.253	95.186	95.668	96.568	90.36	96.825
2013.12	구분	97.574	96.015	96.049	95.671	67.815	99.653	56.4	97.591	97.535	97.895	97.739	95.469	95.134	94.892	107.794	97.037	97.016	101.363	93.66	93.226	103.85	99.492	98.117	99.247	97.359	98.039	105.883	100.341	118.382	95.605	100.059	100	107.358	99.883	99.882	109.199	102.018	98.021	97.841	95.536	101.433	96.053	89.903	99.219	100.066	94.997	96.461	96.443	97.6	96.11	97.227	90.674	96.712
2014.01	구분	98.114	96.72	96.756	96.256	67.737	99.345	56.4	97.403	97.594	96.312	98.759	95.705	95.286	97.123	111.099	96.921	97.016	101.363	95.143	90.58	100.833	98.815	99.087	99.161	98.797	99.819	106.482	101.056	119.37	95.741	100.059	100	107.358	99.883	100.555	108.325	102.018	97.842	98.416	95.691	104.146	96.468	89.903	99.219	100.066	95.612	96.776	96.749	99.009	96.11	97.886	87.82	96.825
2014.02	구분	98.313	97.495	97.576	96.595	67.77	99.46	56.4	97.591	97.535	97.895	99.065	96.018	95.286	98.082	111.099	97.215	96.264	101.363	96.223	91.041	100.842	98.913	99.049	98.855	98.931	99.819	106.298	101.006	119.23	95.445	100.059	100	107.358	99.883	99.2	107.22	102.601	99.854	98.388	95.811	97.631	96.865	89.903	99.219	100.066	96.193	97.001	97.019	95.798	96.599	98.433	88.769	96.8
2014.03	구분	98.538	97.574	97.602	97.171	67.639	98.97	56.4	97.701	97.501	98.841	99.244	96.279	95.371	98.025	111.099	97.376	98.058	98.806	96.242	94.298	100.842	98.173	99.239	99.401	98.931	99.856	106.24	100.689	119.445	95.258	100.059	100	107.358	99.883	99.444	107.206	102.497	100.202	98.936	96.386	97.256	98.093	93.863	99.434	99.974	97.704	96.758	96.785	95.395	97.502	98.016	93.895	98.552
2014.04	구분	98.727	98.044	98.073	97.637	67.58	98.729	56.4	97.65	97.518	98.487	99.516	96.667	95.835	98.017	111.09	96.921	97.251	99.284	96.663	91.231	100.769	97.461	99.077	99.19	98.883	99.434	106.182	101.036	118.973	95.411	100.164	100	107.358	99.987	101.169	105.746	99.809	99.224	99.093	96.309	106.371	98.102	93.863	99.434	99.974	97.738	96.812	96.83	95.949	97.502	97.956	94.078	98.628
2014.05	구분	98.881	97.939	97.925	98.002	67.534	99.018	56.242	98.161	98.102	98.487	99.644	96.785	96.477	98.275	111.081	98.171	99.335	99.413	97.203	93.407	100.769	99.162	99.049	99.094	98.883	99.434	106.057	101.244	118.565	95.428	100.164	100	107.358	99.987	102.085	105.896	99.846	99.694	99.13	96.944	109.563	98.093	93.863	99.434	99.974	97.704	96.884	96.866	97.164	98.037	98.702	94.507	98.628
2014.06	구분	98.782	97.582	97.585	97.646	67.455	98.72	56.242	98.621	98.55	99.009	99.805	96.979	96.451	98.654	111.081	96.876	98.655	99.413	95.83	93.259	100.769	96.704	98.906	98.731	98.864	99.434	105.873	101.155	118.093	95.47	100.111	100	105.207	99.987	100.662	104.272	100.448	99.694	99.195	97.029	104.034	98.093	93.863	99.434	99.974	97.704	97.082	97.101	96.292	98.084	98.745	94.507	98.716
2014.07	구분	98.989	98.044	98.056	97.866	67.468	98.768	56.242	98.502	98.542	98.293	99.703	97.098	96.122	98.146	110.469	97.466	98.791	99.413	96.004	90.514	100.897	99.207	98.982	98.932	98.883	99.434	106.008	101.105	118.093	95.868	100.111	100	105.207	99.987	102.709	102.758	100.044	99.45	99.427	97.433	113.571	98.065	93.863	99.434	99.974	97.669	97.397	97.335	100.71	98.037	98.528	94.53	99.12
2014.08	구분	99.232	99.158	99.251	98.002	67.645	99.432	56.242	98.527	98.542	98.47	99.882	97.216	96.156	98.396	110.802	97.859	98.393	99.413	97.734	95.402	100.897	97.532	98.554	98.989	98.615	97.461	105.641	100.699	117.266	96.003	100.111	100	105.207	99.987	104.424	101.953	99.734	99.403	99.409	97.424	121.776	98.102	93.863	99.434	99.974	97.729	97.487	97.38	103.863	98.15	98.58	94.981	99.183
2014.09	구분	99.133	99.115	99.269	97.036	67.632	99.383	56.242	98.664	98.576	99.221	99.967	97.418	96.164	97.929	110.784	98.868	97.822	101.565	97.853	94.718	100.897	100.721	98.63	99.152	98.595	97.681	104.791	100.768	115.678	95.453	100.08	100	103.925	99.987	101.422	100.315	99.734	97.974	99.214	97.398	110.492	98.185	93.863	99.434	99.974	97.832	97.73	97.731	97.391	98.489	99.109	94.958	99.195
2014.10	구분	98.845	97.164	97.087	98.265	67.508	98.922	56.242	98.706	98.584	99.389	100.196	97.629	96.772	98.549	110.784	98.189	98.239	101.565	97.999	93.968	101.362	98.173	98.925	99.544	98.816	97.993	104.057	100.718	114.014	95.36	100.08	100	103.925	99.987	101.179	99.36	99.734	99.093	99.297	97.39	109.291	98.342	93.863	99.434	99.974	98.071	97.73	97.74	96.888	97.972	99.552	89.794	99.195
2014.11	구분	98.727	97.069	96.939	98.849	67.606	99.287	56.242	99.686	99.65	99.911	100.298	97.933	96.688	97.591	110.775	98.403	99.099	101.565	95.784	100.818	101.362	98.69	98.916	99.621	98.73	98.002	102.839	100.302	111.534	95.055	100.08	100	103.925	99.987	99.073	98.555	99.734	99.929	99.335	97.493	99.809	98.388	93.863	99.434	99.974	98.148	97.856	97.876	97.039	97.765	99.101	90.253	99.221
2014.12	구분	98.845	97.774	97.768	97.815	67.56	99.095	56.242	99.643	99.658	99.548	100.468	98.118	97.464	97.84	110.757	99.145	99.045	101.565	96.059	101.387	101.362	100.792	98.916	99.544	98.73	98.177	101.68	100.599	108.443	95.199	100.038	100	101.834	99.987	99.434	98.555	99.734	100.334	99.27	99.201	99.903	98.536	93.863	99.434	99.974	98.352	97.946	97.921	99.201	98.122	99.665	90.314	99.17
2015.01	구분	99.49	99.14	99.18	98.44	99.72	99.12	100	99.56	99.64	99.06	100.26	98.91	98.03	97.61	107.4	99.3	98.08	100.23	98.01	98.15	101.86	100.99	99.93	99.55	100.22	100	99.25	101.18	100.99	96.3	100.42	100	102.71	99.99	100.18	100.44	99.86	99.82	99.75	99.35	101.25	99	93.37	99.47	99.99	99.03	97.83	97.79	99.22	99.85	100.05	99.22	99.74
2015.02	구분	99.56	100.07	100.09	99.75	99.74	99.19	100	99.46	99.52	99.1	100.7	99.03	98.17	100.84	107.37	99.58	99.45	100.23	99.22	98.21	99.68	100.21	100.13	100.05	100.23	100.01	97.48	100.6	97.41	95.84	100.42	100	102.71	99.99	99.22	101.59	100.36	100.34	99.68	99.79	96.98	99.28	93.37	99.47	99.99	99.43	97.97	97.95	98.66	100.16	100.17	100.79	99.9
2015.03	구분	99.47	98.82	98.78	99.3	99.8	99.37	100	99.52	99.53	99.48	99.89	99.17	99.27	100.75	102.19	100.04	100.45	100.58	98.42	101.82	99.68	100.68	100.17	100.17	100.23	100	98.44	100.31	100.38	95.32	100.42	100	102.69	99.99	98.02	100.13	99.63	99.59	99.88	99.56	93.37	99.72	101.33	100.11	100	99.5	99.22	99.25	98.17	100.37	100.2	100.81	100.49
2015.04	구분	99.63	99.26	99.24	99.5	99.88	99.62	100	99.11	99.51	96.67	99.99	99.43	99.9	99.94	102.19	99.46	99.78	100.46	98.96	96.64	99.68	100.3	100.02	100.09	99.98	100	98.36	100.03	100.12	95.52	99.76	100	98.53	99.99	99.95	100.04	100.07	99.66	99.87	100.16	100.06	100.04	101.33	100.11	100	99.96	99.68	99.69	99.57	99.93	100.28	98.33	99.95
2015.05	구분	99.82	100.61	100.68	99.72	99.82	99.43	100	99.79	99.83	99.58	99.37	99.67	100.06	100.21	97.62	100.14	99.78	100.46	100.32	100.55	99.73	100.06	100.03	100.1	99.98	100	99.12	99.98	101.73	95.81	99.71	100	98.21	99.99	100.37	99.73	101.01	99.75	99.93	100.09	101.52	100.04	101.33	100.11	100	99.96	99.73	99.7	100.6	99.93	99.88	100.07	99.96
2015.06	구분	99.83	100.37	100.47	98.88	99.73	99.17	100	99.8	99.85	99.5	99.49	99.88	100.21	99.88	97.62	100.06	99.78	100.46	99.62	101.33	99.73	100.22	99.95	100	99.88	100	99.65	99.64	103.15	95.83	100.3	100	101.89	99.99	98.86	99.87	101.13	98.96	99.97	100.1	96.32	100.02	101.33	100.11	100	99.93	100.02	100.03	99.69	99.96	99.91	100.08	100.01
2015.07	구분	100.26	100.41	100.45	99.91	100.08	100.26	100	99.88	99.87	99.91	99.17	100.09	100.48	100.16	94.88	99.79	99.78	100.35	99.97	99.48	99.73	99.61	100.02	100.11	99.95	100	102.94	99.78	102.66	104.97	100.3	100	101.89	99.99	101.81	99.62	100.32	99.76	100.09	100.12	106.64	100.18	101.33	100.11	100	100.16	100.3	100.22	103.07	99.35	99.14	98.63	100.02
2015.08	구분	100.51	101.22	101.33	99.62	100.19	100.58	100	99.97	99.86	100.64	99.37	100.32	100.64	100.44	94.88	100.43	100.22	100.46	100.82	101.52	99.56	99.98	99.97	99.98	99.95	100	102.64	100.32	101.57	105.06	100.3	100	101.89	99.99	102.15	99.39	99.87	99.83	100.18	100.15	107.77	100.26	101.33	100.11	100	100.28	100.54	100.4	105.53	100.12	100.19	100.07	100.02
2015.09	구분	100.36	101.05	101.06	100.97	100.13	100.41	100	100.37	99.94	103.01	99.81	100.54	100.73	99.78	96.91	100.31	100.19	100.36	100.64	99.01	99.87	100.49	99.81	99.57	99.95	100	101.18	99.23	99.71	103.85	99.84	100	98.92	100.01	100.22	99.79	99.31	100.06	100.15	100.1	100.63	100.4	101.33	100.11	100.01	100.49	100.97	101.02	99.08	99.63	99.21	100.56	99.99
2015.10	구분	100.33	99.84	99.77	100.8	100.18	100.56	100	99.98	99.96	100.15	100.43	100.73	100.73	99.78	99.64	99.96	100.84	98.8	100.62	99.48	100.14	99.19	100.06	100.14	100.01	100	100.84	99.68	98.62	103.89	99.38	100	96.03	100.02	100.83	99.51	99.41	99.89	100.13	100.12	103.04	100.4	101.33	100.11	100.01	100.49	100.97	101.04	98.78	99.97	99.98	99.93	99.98
2015.11	구분	100.18	98.64	98.42	101.82	100.03	100.09	100	101.13	101.26	100.34	100.62	100.97	100.82	100.05	99.65	100.51	100.84	98.8	101.39	101.24	100.14	99.73	100.02	100.16	99.91	100	100.21	99.58	97.39	103.63	99.58	100	97.27	100.02	98.77	100.35	99.59	100.71	100.22	100.13	94.76	100.34	101.33	100.11	100.01	100.4	101.19	101.28	97.97	100.52	100.79	100.6	100
2015.12	구분	100.55	100.59	100.54	101.3	100.7	102.18	100	101.43	101.24	102.58	100.89	101.27	100.97	100.56	99.64	100.43	100.8	98.8	102.01	102.58	100.25	98.54	99.9	100.07	99.72	100	99.9	99.69	96.28	103.99	99.58	100	97.27	100.02	99.62	99.57	99.48	101.64	100.13	100.34	97.65	100.33	101.33	100.11	100.01	100.39	101.58	101.64	99.67	100.23	100.22	100.91	99.96
2016.01	구분	100.63	101.05	101.06	100.94	100.81	102.51	100	100.77	101.21	98.13	100.13	101.51	97.15	100.33	95.18	100.72	101.91	98.8	102.34	101.07	100.08	98.94	100.97	100.13	101.44	101.63	99.4	101.42	94.04	104.16	99.22	100	94.9	100.04	100	98.87	99.2	102.81	100.26	100.42	98.51	100.78	101.33	100.11	100.01	101.05	101.76	101.83	99.42	102.61	100.3	99.76	107.95
2016.02	구분	101.03	103.58	103.74	101.27	100.97	103.01	100	101.52	101.15	103.75	100.31	101.63	97.65	101.18	95.18	101.13	102.33	98.7	102.36	101.91	100.39	99.7	100.95	99.92	101.53	101.69	98.21	99.62	92.1	104.12	99.22	100	94.9	100.04	100.63	99.54	99.65	104.14	100.23	100.43	99.96	100.95	101.33	100.11	100.01	101.29	101.85	101.91	99.69	103	100.35	102.3	108.08
2016.03	구분	100.71	102.07	102.11	101.55	100.98	103.05	100	101.5	101.15	103.66	99.68	101.83	97.74	101.44	90.71	101.38	104.47	100.87	101.91	102.2	100.23	99.1	100.95	99.94	101.53	101.69	97.69	99.59	91.24	103.7	99.22	100	94.9	100.04	100.08	99.32	100.26	103.64	101.57	100.34	96.58	101.32	102.7	100.11	100.03	101.73	102.21	102.3	98.97	103.11	99.96	102.78	108.93
2016.04	구분	100.88	101.76	101.83	100.68	101.05	103.25	100	101.52	101.11	103.99	99.85	101.97	97.74	102.03	90.7	101.21	105.38	100.68	101.74	102.84	100.23	98.02	101.04	100.03	101.64	101.69	97.89	99.74	91.64	103.71	100.45	100	102.59	100.04	100.63	99.15	100.2	103.82	101.85	100.54	98.07	101.44	102.7	100.11	100.03	101.91	102.58	102.64	100.42	103.15	100.03	102.69	108.98
2016.05	구분	100.92	100.54	100.61	99.49	101.06	103.29	100	101.97	101.66	103.87	99.62	102.14	97.81	102.14	88.71	100.55	105.22	100.87	101.75	102.34	100.23	96.12	101	99.92	101.64	101.69	98.79	99.42	93.6	104.11	100.45	100	102.59	100.04	102.57	101.42	98.97	104.3	102.3	100.6	103.63	101.69	102.7	100.11	100.03	102.28	102.61	102.65	101.21	103.33	100.23	102.77	109.17
2016.06	구분	100.87	99.05	98.92	101.04	100.87	102.68	100	101.98	101.66	103.9	99.81	102.35	97.89	102.54	88.72	101.24	105.22	100.58	101.9	101.16	100.23	98.57	101.03	100	101.64	101.7	100.07	99.5	96.84	103.9	100.45	100	102.59	100.04	101.56	101.26	98.78	104.17	102.2	100.64	100.21	101.69	102.7	100.11	100.03	102.28	102.72	102.76	101.09	103.46	100.45	102.74	109.18
2016.07	구분	100.76	98.88	98.81	99.86	100.85	102.63	100	101.21	101.64	98.58	98.34	102.62	97.89	100.9	80.51	102.4	105.29	100.63	101.64	100.66	100.23	102.55	100.98	99.85	101.64	101.7	100.79	100.76	97.19	104.76	100.45	100	102.59	100.04	104.26	101.75	98.54	103.94	102.27	100.48	109.98	101.76	102.7	100.11	100.03	102.39	102.92	102.87	104.56	103.17	100.08	102	109.22
2016.08	구분	101.15	100.69	100.77	99.59	101.22	103.78	100	101.98	101.68	103.81	98.57	102.83	98.37	101.54	80.51	102.44	106.32	100.87	102.25	101.69	100.27	101.16	100.88	99.61	101.64	101.7	100.61	100.82	96.54	104.95	100.45	100	102.59	100.04	105.09	101.29	98.64	103.9	102.21	100.41	113.27	101.76	102.7	100.11	100.03	102.39	103.09	102.97	107.17	103.39	99.61	101.9	110.83
2016.09	구분	101.72	105.52	105.93	99.59	100.88	102.71	100	102.01	101.68	104.01	98.79	103.04	98.33	102.26	80.5	102.68	106.32	100.87	102.46	100.9	100.33	101.94	100.94	99.69	101.7	101.7	100.17	100.89	96.14	104.17	100.52	100	103.05	100.04	103.46	100.8	99.21	104.79	102.19	100.51	107	102.12	102.7	100.11	100.05	102.89	103.14	103.2	101.17	103.48	100	100.86	110.84
2016.10	구분	101.86	104.29	104.54	100.62	100.96	102.96	100	102.09	101.68	104.6	100.4	103.11	98.99	103.23	88.52	102	106.3	103.32	101.3	99.01	100.45	100.85	100.91	99.64	101.7	101.63	100.15	100.84	96.17	104.13	100.56	100	103.05	100.09	102.47	100.18	100.24	104.42	102.24	100.63	103.62	102.18	102.7	100.11	100.05	102.98	103.18	103.23	101.4	103.45	99.77	101.63	110.84
2016.11	구분	101.73	103.07	103.28	100.04	101.15	103.55	100	101.98	102.16	100.91	100.95	103.31	99.49	102.92	90.95	101.69	105.58	103.4	99.63	101.58	100.85	101	101.03	99.95	101.7	101.63	100.08	99.98	96.83	103.7	100.04	100	99.82	100.09	101.33	97.72	103.52	105.43	102.38	101.1	99.19	102.21	102.7	100.11	100.05	103.03	103.2	103.28	100.27	103.51	99.47	103.46	110.84
2016.12	구분	101.89	104.32	104.58	100.48	101.05	103.24	100	102.43	102.07	104.6	100.39	103.55	100.19	104.19	86.01	102.08	107.18	103.41	99.52	101.59	101.12	101.36	101.1	100.13	101.7	101.63	100.88	100.65	98.08	104.07	100.04	100	99.82	100.09	101.34	97.33	100.17	104.29	102.38	101.3	99.96	102.24	102.7	100.11	100.05	103.07	103.49	103.53	101.85	102.98	98.44	103.82	110.84
2017.01	구분	102.77	107.14	107.59	100.55	101.2	103.87	100	101.84	102.12	99.96	100.57	103.68	100.91	104.77	86.08	101.32	106.97	103.83	99.95	93.93	101.41	100.5	102.16	99.84	103.62	103.35	102.37	101.36	100.87	104.55	100.06	100.02	99.69	100.17	103.05	98.34	102.06	105.38	102.68	101.38	104.11	102.64	102.7	100.11	100.05	103.61	103.85	103.88	102.57	106.09	99.75	103.43	118.71
2017.02	구분	103	107.07	107.58	99.55	102.02	106.32	100	102.46	102.12	104.58	101.05	103.93	101.35	107.48	86.08	102.31	106.97	103.83	101.43	99.3	101.34	100.76	102.11	99.7	103.62	103.35	102.67	101.73	101.53	104.43	100.06	100.02	99.69	100.17	102.01	97.34	101.8	106.28	102.67	102.02	100.7	102.91	102.7	100.11	100.05	104.01	104.29	104.37	101.65	106.35	99.77	105.07	118.75
2017.03	구분	103.07	107.07	107.56	99.83	102.39	107.41	100	102.48	102.14	104.58	101.49	104.12	102	108.07	87.35	102.44	106.94	102.88	101.88	104.67	101.45	99.48	102.07	99.58	103.62	103.43	102.35	101.79	101.37	103.7	99.32	100.02	95.58	100.17	101.62	99.52	102.1	104.94	102.8	101.5	99.28	102.97	102.87	101.21	99.97	104.04	104.58	104.7	101.2	106.31	99.56	105.04	119.02
2017.04	구분	102.98	105.6	106.17	97.41	102.51	107.76	100	101.54	102.21	97.17	101.65	104.31	103.12	108	87.36	102.49	106.99	101.96	101.75	99.83	101.7	101.23	101.74	98.71	103.62	103.55	102.08	101.83	100.1	104.24	100.11	109.07	99.86	100.17	103.59	99.46	102.44	104.35	103.05	102.04	105.16	103.04	102.87	101.21	99.97	104.16	104.75	104.85	101.82	105.75	99.2	102.57	119.05
2017.05	구분	103.12	105.55	106.2	96.09	102.44	107.57	100	102.87	102.59	104.6	102.02	104.56	103.53	108.34	88.22	102.87	107.96	102.93	102.27	101.2	101.45	100.76	101.71	98.62	103.63	103.55	102.18	101.76	99.91	104.73	100.11	109.07	99.86	100.17	102.28	99.87	102.84	104.87	102.99	102.02	100.79	103.03	102.87	101.21	99.97	104.14	105.05	105.13	102.67	105.72	98.44	105.16	119.05
2017.06	구분	102.97	105.4	105.9	98.04	102.56	107.93	100	102.99	102.61	105.4	102.09	104.72	103.84	107.97	88.2	103.72	108.94	103.24	101.41	102.91	101.68	103.9	102.21	99.9	103.63	103.55	101.58	101.49	99.16	104.07	100.36	109.07	101.3	100.17	99.84	99.25	102.11	104.55	103	102.96	93.3	103.05	102.87	101.21	99.97	104.17	105.03	105.13	102.2	105.27	97.62	105.16	119.05
2017.07	구분	103.28	105.89	106.42	98.07	102.61	108.04	100	102.31	102.61	100.27	102.24	104.83	104.51	108.36	88.17	102.61	108.87	103.24	100.71	99.05	102.08	101.69	102.27	100.05	103.63	103.55	101.49	101.03	98.14	105.17	100.92	109.07	104.42	100.17	103.65	97.55	101.95	104.7	103.08	102.24	105.77	103.05	102.87	101.21	99.97	104.17	105.42	105.36	106.36	105.3	97.94	104.08	119.11
2017.08	구분	103.89	109.22	109.86	99.79	102.72	108.36	100	103.03	102.61	105.66	102.37	104.95	104.51	108.85	88.17	102.94	108.93	99.51	101.42	103.81	101.76	101.69	102.26	100.02	103.63	103.55	101.78	100.46	99.12	105.35	100.92	109.07	104.42	100.17	103.75	97.09	101.49	104.83	103.1	102.27	106.17	103.13	102.87	101.21	99.97	104.27	105.97	105.82	109.26	105.68	98.55	104.87	118.84
2017.09	구분	103.78	109.35	110.02	99.62	102.83	108.72	100	103.07	102.58	106.1	102.43	105	105.16	108.88	88.18	103.17	110.42	99.32	101.82	102.19	102.08	101.37	101.78	98.8	103.63	103.55	101.92	100.78	100.42	104.2	100.94	109.07	104.42	100.19	101.98	95.22	101.65	104.05	103.2	102.16	101.55	103.17	102.87	101.21	99.97	104.35	105.74	105.85	102.43	105.59	98.24	105.27	118.94
2017.10	구분	103.52	105.44	105.82	99.76	102.63	108.11	100	103.07	102.58	106.1	102.63	105.09	105.6	110.01	88.2	103.6	109.99	101.01	102.09	103.08	102.08	102.25	101.66	99.05	103.56	102.32	102.59	101.02	101.73	104.53	100.82	109.07	104.42	100.05	103.18	95.6	101.79	104.39	103.18	102.28	105	103.18	102.87	101.21	99.97	104.36	105.8	105.87	103.64	105.85	98.73	104.92	119.06
2017.11	구분	102.86	103.59	104.09	96.28	102.63	108.12	100	103	103.34	100.78	101.88	105.25	105.82	108.28	84.4	103.02	110	101.01	101.43	102.69	102.08	101.07	101.36	98.66	103.26	102.32	102.52	100.43	102.6	103.84	100.71	109.07	104.42	99.92	99.68	95.21	103.68	103.4	103.21	102.29	94.58	103.24	102.87	101.21	99.97	104.45	105.99	106.14	101.72	105.42	98.29	103.6	119.07
2017.12	구분	103.16	104.7	105.23	96.9	102.64	108.14	100	103.71	103.34	106.1	102.01	105.26	105.96	109.33	84.4	103.12	110.04	101.01	101.86	103.64	102.1	100.58	101.53	99.06	103.26	102.32	102.78	99.81	103.22	104.33	100.6	109.07	104.64	99.73	99.75	95	103.33	103.92	103.18	102.52	94.62	103.24	102.87	101.21	99.97	104.45	106.58	106.63	104.91	105.3	97.72	104.92	119.07
2018.01	구분	103.57	106.32	106.94	97.47	102.75	108.47	100	103.13	103.34	101.7	102.33	105.4	105.8	111.39	84.4	103.24	110.83	101.01	102.55	99.6	102.38	100.53	102.71	98.95	105.39	103.99	103.24	100.29	103.7	104.75	99.93	109.07	101.55	99.58	100.21	94.57	104.57	105.84	103.33	102.67	95.23	103.68	102.87	101.21	99.97	105.15	106.83	106.89	104.97	105.1	97.98	101.65	119.54
2018.02	구분	104.32	109.73	110.51	98.59	103.08	109.43	100	103.71	103.33	106.1	102.51	105.47	105.97	112.51	84.39	104.06	113.36	105.72	102.04	101.01	102.23	101.11	102.68	98.96	105.31	104.03	103.43	99.96	104.07	105.13	99.8	109.07	101.55	99.42	101.8	94.32	104.79	106.67	103.37	102.7	99.87	103.99	102.87	101.21	99.97	105.62	107.26	107.34	104.88	105.86	98.55	104.69	119.54
2018.03	구분	104.31	108.03	108.58	99.8	102.84	108.75	100	103.79	103.41	106.1	102.7	105.54	106.06	113.79	84.4	106.32	114.79	102.5	102.01	103.63	102.38	108.79	102.75	99.18	105.25	104.04	103.26	100.8	103.73	104.43	99.7	109.07	101.55	99.31	101.48	94.35	104.53	105.55	103.65	101.8	99.32	104.21	104.97	101.21	99.66	105.95	107.74	107.92	102.78	106.05	99.13	104.19	119.33
2018.04	구분	104.55	108.62	109.32	98.58	102.79	108.58	100	103.77	103.4	106.11	102.7	105.66	107.03	112.84	84.4	105.73	115.3	102.63	101.08	100.39	102.38	108.36	102.34	98.9	105.17	102.38	103.08	100.88	103.24	104.41	100.17	109.07	105.08	99.11	103.33	94.11	103.82	105.94	104.35	102.3	104.1	104.66	104.97	101.21	99.66	106.65	108.1	108.26	103.65	106.24	99.11	105.6	119.32
2018.05	구분	104.56	107.54	108.15	98.55	102.75	108.46	100	103.81	103.44	106.13	102.69	105.71	107.03	112.39	84.4	106.69	115.3	102.63	102.3	101.5	102.68	109.92	102.29	98.77	105.17	102.38	103.87	101.24	104.47	105.03	100.07	109.07	105.08	98.98	103.55	92.89	103.16	106.55	104.72	102.38	104.62	104.68	104.97	101.21	99.66	106.68	108.38	108.5	104.85	105.91	98.25	106.48	119.37
2018.06	구분	104.19	105.49	105.94	98.9	102.54	107.87	100	103.81	103.44	106.13	102.55	105.72	107.75	110.89	84.4	106.43	115.17	102.63	100.98	103.47	102.68	110.36	102.46	99.21	105.17	102.38	104.27	100.73	106.05	104.85	99.97	109.07	105.06	98.86	101.29	92.26	102.83	106	104.74	102.5	97.97	104.68	104.97	101.21	99.66	106.68	108.46	108.61	104.48	106.08	98.75	105.68	119.39
2018.07	구분	104.15	106.2	106.75	98.12	102.68	108.25	100	103.72	103.39	105.83	101.51	105.72	108.63	109.71	79.09	106.91	115.25	102.25	101.66	102.76	102.86	111.42	101.43	98.08	104.9	99.27	104.44	99.24	106.22	106.18	99.41	109.07	102.54	98.75	103.26	92.81	103.3	104.09	104.7	104.15	104.05	104.69	104.97	101.21	99.66	106.7	108.94	108.94	108.27	105.92	98.43	105.89	119.34
2018.08	구분	105.04	112.19	113.22	97.8	102.5	107.73	100	103.72	103.39	105.83	101.73	105.82	108.52	111.05	79.1	106.74	115.1	102.63	101.87	102.67	102.86	110.52	101.55	98.39	104.9	99.27	104.66	99.09	106.78	106.29	99.32	109.07	102.54	98.63	104.18	92.78	103.28	104.83	104.72	104.15	106.65	104.78	104.97	101.21	99.66	106.83	109.19	109.08	111.19	106.16	98.75	106.39	119.34
2018.09	구분	105.7	115.45	116.55	99.9	102.56	107.93	100	103.81	103.49	105.83	102.93	105.88	109.47	110.28	85.98	106.68	114.98	102.63	101.96	99.87	102.86	110.96	101.47	98.19	104.9	99.27	104.6	99.25	107.43	105.36	99.23	109.07	102.54	98.52	104.2	91.7	102.88	106.24	104.8	104.13	106.51	104.8	104.97	101.21	99.66	106.86	109.21	109.34	105.49	106.38	99.13	106.27	119.38
2018.10	구분	105.33	111.15	112.04	98.4	102.56	107.9	100	103.81	103.49	105.83	103.12	105.92	110.26	111.47	86.01	107.07	114.92	103.75	102.03	104.07	102.86	111	101.35	98.23	104.9	98.44	105.59	99.68	109.77	105.36	99.18	109.07	102.54	98.47	103.68	91.27	103.45	104.32	104.9	104.11	105.65	104.82	104.97	101.21	99.66	106.89	109.5	109.7	103.94	106.23	98.94	106.11	119.34
2018.11	구분	104.77	108.38	108.92	100.4	102.76	108.5	100	104.13	103.79	106.26	103.1	105.95	110.39	111.07	86.02	106.83	115.19	103.15	101.75	101.96	102.86	111.03	101.26	97.99	104.9	98.44	104.16	99.03	106.76	104.99	99.01	109.07	102.59	98.23	101.73	90.21	103.52	104.51	104.89	104.42	99.78	104.81	104.97	101.21	99.66	106.88	109.82	110.07	103.53	106.35	98.67	107.96	119.34
2018.12	구분	104.49	107.78	108.34	99.72	102.35	107.28	100	104.2	103.79	106.73	103.18	105.97	110.89	111.48	86.01	106.72	114.87	103.15	101.4	104	102.81	110.78	101.3	98.1	104.9	98.44	102.38	99.29	101.49	105.37	98.73	109.07	102.59	97.89	100.49	89.91	105.27	104.49	104.91	104.5	95.96	104.85	104.97	101.21	99.66	106.95	110.29	110.39	107.15	106.06	98.27	107.47	119.34
2019.01	구분	104.54	107.82	108.27	101.23	102.66	108.2	100	103.58	103.81	102.04	103.06	106.01	111.22	110.16	85.99	107.64	121.17	103.04	101.59	98.29	102.36	111.35	102.32	98.3	106.37	100.26	100.76	99.3	97.32	105.22	98.37	109.07	102.59	97.45	101.35	90.07	107.57	104.56	105.08	104.51	98.24	105.24	104.97	101.21	99.66	107.55	110.69	110.88	105.39	106.63	98.57	106.29	121.28
2019.02	구분	105.07	108.54	109.05	100.9	102.5	107.73	100	104.2	103.79	106.74	104.12	106.04	111.61	119.36	85.98	109	122.91	102.67	102.88	102.58	102.61	112.41	102.41	98.66	106.37	99.92	101.18	99.15	96.35	107.43	97.55	109.07	99.98	97.01	102.22	89.79	106.92	106	105.43	104.91	100.06	105.32	104.97	101.21	99.66	107.68	110.76	110.98	105.01	107.25	99.35	107.03	121.56
2019.03	구분	104.86	107.56	107.96	101.41	102.22	106.87	100	104.23	103.82	106.76	103.97	106.04	112.16	117.85	85.97	109.07	122.91	103.58	102.82	99.75	102.6	113.3	102.38	98.63	106.32	99.92	101.39	98.95	96.91	107.55	97.28	109.07	99.98	96.69	101.41	89.04	106.55	105.85	105.61	104.85	97.71	105.63	107.23	101.77	99.43	108.06	110.4	110.67	103.37	107.38	99.72	106.23	121.71
2019.04	구분	105.26	108.88	109.42	100.99	103.14	109.62	100	104.08	103.66	106.76	103.77	106.05	112.91	115.81	85.99	109.89	122.7	104.36	103.88	103.25	102.65	113.93	102.47	99.14	106.09	99.92	102.51	99.34	99.16	108.03	97.55	109.07	102.57	96.45	102.59	90.02	105.88	103.54	105.96	105.11	101.46	105.66	107.23	101.77	99.43	108.12	110.64	110.92	103.35	107.75	99.64	108.05	122.2
2019.05	구분	105.31	108.23	108.76	100.44	103.51	110.72	100	104.22	103.82	106.76	103.85	106.04	113.77	116.25	85.99	108.74	118.09	104.36	102.9	103.81	102.52	113.94	102.52	99.24	106.09	99.89	104.01	99.18	103.17	108.15	97.35	121.67	102.57	96.18	102.04	90.71	106.65	102.42	105.96	105.22	99.87	105.7	107.23	101.77	99.43	108.17	110.75	110.99	104.67	108.09	100.28	107.87	122.21
2019.06	구분	105.17	107.33	107.77	100.82	103.81	111.63	100	104.34	103.82	107.59	103.77	106	114	115.7	86	108.48	117.96	104.39	102.56	102.66	101.85	113.93	102.84	100.08	106.09	99.89	104.27	98.89	103.83	108.35	97.19	121.67	102.57	95.99	100.91	90.51	106.01	99.91	106.06	105.46	97.2	105.85	107.23	101.77	99.43	108.39	110.9	111.13	104.46	107.9	99.97	107.15	122.49
2019.07	구분	104.91	105.84	106.12	101.31	103.71	111.33	100	104.33	103.81	107.58	102.91	106.04	114.41	115.22	81.21	109.53	123.02	104.53	102.53	102.72	100.05	114.86	102.56	99.46	106.08	99.61	104.04	99.18	102.32	109.09	96.78	121.67	100.7	95.9	102.8	89.83	102.68	100.61	106.09	105.55	103.06	105.79	107.23	101.77	99.43	108.3	111.06	111.17	108.13	107.95	100.01	107.36	122.49
2019.08	구분	105.21	107.19	107.56	101.65	103.78	111.55	100	104.33	103.81	107.58	102.95	106.04	114.53	115.35	81.34	109.36	122.67	104.53	101.63	105.08	100.12	115.05	102.62	99.63	106.08	99.61	104.21	98.69	102.34	109.85	97.15	121.67	103.23	95.79	103.82	88.47	102.6	100.84	106.03	105.46	106.71	105.81	107.23	101.77	99.43	108.33	111.35	111.25	113.17	107.89	99.91	107.3	122.52
2019.09	구분	105.57	110.46	111.05	101.96	104.15	112.63	100	104.37	103.81	107.88	104.03	106.06	114.63	114.88	87.7	108.93	122.41	104.53	101.28	99.3	100.49	115.53	102.75	100.08	106.14	99.19	104.26	98.35	103.99	108.53	97.42	121.67	105.09	95.71	102.48	87.43	99.59	102.41	106.02	105.56	102.42	103.96	107.23	67.85	99.43	108.49	111.18	111.32	107.16	107.81	99.09	109.81	122.52
2019.10	구분	105.8	110.79	111.31	103.08	104.23	112.88	100	104.57	104.05	107.88	104.26	106.14	115.78	116.05	87.7	109.74	122.2	104.16	102.6	105.62	100.2	115.42	102.78	100.12	106.17	99.19	104.31	98.4	104.4	108.25	97.36	121.67	105.09	95.63	103.01	88.63	102.03	103.81	106.09	105.34	103.07	104.36	107.23	67.85	99.43	109.12	111.25	111.4	107.17	107.99	99.38	109.65	122.66
2019.11	구분	105.24	107.75	108.23	100.67	104.04	112.3	100	105.17	104.75	107.88	104.27	106.2	115.77	115.75	87.7	108.95	122.48	105.82	101.96	98.47	102.38	114.11	102.75	100.13	106.17	98.96	103.73	97.28	103.77	108.06	96.6	121.67	101.36	95.53	100.99	88.78	101.42	104.04	106.1	105.71	96.56	104.52	107.23	67.85	99.43	109.35	111.31	111.47	106.75	108.06	99.49	109.64	122.66
2019.12	구분	105.44	109.03	109.68	99.48	104.03	112.27	100	105.18	104.76	107.88	104.38	106.24	115.88	116.44	87.7	109.34	122.37	106.2	101.56	105.09	102.38	114.43	102.8	100.27	106.17	98.96	104.02	98.09	104	108.09	96.55	121.67	101.36	95.47	100.05	89.06	101.04	104.31	106.3	105.62	93.29	104.59	107.23	67.85	99.43	109.46	111.6	111.71	108.27	107.98	99.47	109.25	122.66
2020.01	구분	106.09	110.68	111.39	100.54	104.14	112.59	100	104.85	104.82	105.03	104.4	106.32	116.76	115.9	87.7	109.44	121.75	106.2	102	101.81	101.16	115.72	104.18	100.54	108.37	100.69	105.27	100.78	104.65	108.95	96.17	121.67	99.64	95.39	101.52	87.93	102.19	107.82	106.36	105.86	96.76	105.09	107.23	67.85	99.43	110.24	112.2	112.1	113.84	109.08	99.93	108.96	125.63
2020.02	구분	106.06	110.31	111.1	99.14	104.12	112.55	100	105.16	104.78	107.55	104.76	106.4	116.53	118.69	87.72	109.91	122.43	106.09	102.4	106.67	101.44	115.2	104.06	100.76	108.37	99.35	105.13	101.49	104.21	108.5	96.13	121.67	99.64	95.33	100.02	86.93	102.03	107.95	106.45	105.95	92.28	105.22	107.23	67.85	99.43	110.44	112	111.98	111.89	109.62	100.44	108.99	126.48
2020.03	구분	105.97	111.51	112.26	100.83	103.94	112.01	100	105.19	104.82	107.54	104.84	106.5	116.67	118.8	87.72	109.29	122.43	106.09	101.28	103.28	101.54	115.27	104	100.45	108.32	99.89	102.91	98.3	101.18	107.79	96.08	121.67	99.64	95.27	99.84	86.41	102.62	107.01	106.48	105.69	92.26	105.26	107.23	67.85	99.06	110.66	111.93	111.99	109.89	109.65	100.37	109.46	126.48
2020.04	구분	105.55	111.94	112.63	102.01	103.86	111.76	100	104.31	104.49	103.05	104.83	106.58	116.68	118.21	87.68	109.06	122.05	106.09	101.31	103.07	101.62	114.66	104.16	100.76	108.4	99.89	100.47	98.22	94.8	107.72	96.7	121.67	103.37	95.21	99.58	86.84	101.26	104.51	106.46	104.03	92.86	103.54	107.23	37.26	99.06	110.71	112.03	112.09	110.11	109.01	99.45	106.96	127.26
2020.05	구분	105.32	111.18	111.77	102.74	103.95	112.03	100	105.2	104.8	107.73	104.72	106.74	116.68	116.39	87.65	109.59	122.4	106.09	101.01	107.15	101.45	115.81	104.18	100.69	108.5	99.89	98.61	98.41	89.73	107.71	96.64	121.67	103.37	95.15	100.02	87.9	100.41	105.39	106.52	104.17	93.45	103.37	103.3	37.26	99.06	110.7	111.54	111.53	111.19	109.46	99.71	109.17	127.21
2020.06	구분	105.51	111.61	112.28	102	104.02	112.25	100	105.21	104.82	107.73	104.84	106.8	116.9	117	87.67	108.94	122.05	108.84	100.63	99.85	101.62	115.28	104.29	100.98	108.5	99.89	99.68	98.42	92.51	107.77	96.88	121.67	105.09	95.06	99.73	87.8	100.29	104.54	106.56	104.19	92.84	103.39	103.3	37.26	99.06	110.72	111.64	111.67	110.61	109.91	100.62	108.66	127.23
2020.07	구분	105.42	111.61	112.3	101.61	104.02	112.25	100	105.61	104.82	110.68	103.05	106.88	117.27	117.8	76.65	109.05	122.09	108.64	100.52	102.65	101.52	115.2	104.22	100.76	108.52	99.89	101.38	100.88	94.68	108.49	96.79	121.67	105.09	94.95	101.39	87.47	102.5	104.07	106.52	104	98.31	103.39	103.3	37.26	99.06	110.72	111.82	111.74	112.9	109.92	100.47	109.4	127.23
2020.08	구분	106.05	115.19	116.21	100.91	103.99	112.14	100	105.56	104.76	110.68	103.33	107.01	117.51	119.36	76.65	109.3	122.4	108.46	100.33	105.92	101.21	115.44	104.26	100.75	108.62	99.89	101.85	100.55	94.95	109.7	96.72	121.67	105.09	94.86	102.57	86.76	103.06	103.87	106.52	103.86	102.31	103.4	103.3	37.26	99.06	110.73	112.01	111.79	116.83	109.91	100.73	108.3	127.24
2020.09	구분	106.51	119.92	121.34	100.15	103.99	112.14	100	105.64	104.86	110.68	104.42	107.09	117.75	118.53	83	108.68	122.75	108.38	99.04	101.31	102.71	115.58	104.24	100.81	108.62	99.61	101.26	100.18	94.65	108.69	96.64	121.67	105.09	94.76	101.3	86.14	103.04	104.61	106.67	104.1	98.08	101.29	103.3	0.01	98.47	111.02	112	112.05	110.36	110.47	101.46	109.31	127.24
2020.10	구분	105.96	119.67	120.94	101.98	104.1	112.48	100	105.71	104.93	110.68	104.7	107.22	118.08	120.25	83.01	109.55	121.32	108.38	100.56	106.25	103.19	116.37	104.38	101.12	108.68	99.61	101.1	100.75	93.79	108.72	83.31	121.67	104.28	78.68	102	86.95	102.82	104.7	107.49	103.99	99.14	101.42	103.3	0.01	98.47	111.21	112.42	112.48	110.33	109.83	100.92	107.68	126.95
2020.11	구분	105.88	115.03	115.95	102.13	103.99	112.16	100	105.89	105.14	110.68	104.7	107.37	118.08	119.19	82.99	109.12	123.13	108.38	100.17	100.71	103.19	115.5	104.35	101.1	108.61	99.62	100.91	100.56	92.82	109.3	95.01	121.67	104.28	92.95	99.97	86.61	103.08	104.55	107.97	103.98	92.52	101.62	103.3	0.01	98.47	111.54	112.34	112.43	109.56	110.03	100.89	109.13	126.95
2020.12	구분	105.91	114.42	115.38	100.81	103.99	112.15	100	105.95	105.21	110.68	104.83	107.51	118.08	119.57	83.02	109.45	121.46	108.2	100.47	102.53	108.08	116.06	104.23	100.78	108.61	99.62	101.55	100.03	94.4	109.8	95.81	121.67	103.49	94.1	99.05	85.97	102.84	104.22	108.3	104.37	89.56	101.62	103.3	0.01	98.47	111.52	112.54	112.58	111	110.03	101.34	107.41	126.95
2021.01	구분	106.6	117.01	118.09	101.7	104.15	112.63	100	105.65	105.14	108.92	104.76	107.63	118.08	119.48	82.22	110.32	122.7	108.2	101.83	102.68	107.77	116.61	105.3	101.04	110.27	101.07	103.19	100.75	97.86	110.22	94.92	121.67	98.18	94.17	100.22	85.99	101.91	104.55	108.38	104.39	92.98	101.79	103.3	0.01	98.47	111.79	112.82	112.91	109.99	111.16	101.56	107.97	130.06